1 0.902344 0.254883 0.187500 0.322266
1 0.918945 0.658203 0.158203 0.320312
1 0.570312 0.663086 0.171875 0.298828
1 0.301758 0.472656 0.173828 0.273438
1 0.090820 0.269531 0.181641 0.300781
1 0.394531 0.675781 0.179688 0.292969
1 0.170898 0.667969 0.189453 0.316406
1 0.851562 0.455078 0.195312 0.320312
1 0.670898 0.461914 0.173828 0.330078
1 0.296875 0.233398 0.203125 0.298828
1 0.147461 0.438477 0.162109 0.279297
1 0.508789 0.215820 0.193359 0.322266
1 0.749023 0.668945 0.177734 0.306641
1 0.711914 0.180664 0.205078 0.353516
1 0.485352 0.462891 0.185547 0.304688
