3 0.199219 0.209961 0.156250 0.224609
3 0.167969 0.428711 0.156250 0.193359
3 0.321289 0.433594 0.158203 0.195312
3 0.554688 0.617188 0.148438 0.222656
3 0.211914 0.848633 0.162109 0.212891
3 0.412109 0.725586 0.156250 0.193359
3 0.525391 0.865234 0.164062 0.187500
3 0.169922 0.671875 0.156250 0.191406
3 0.829102 0.434570 0.177734 0.205078
3 0.613281 0.403320 0.152344 0.224609
3 0.575195 0.155273 0.173828 0.208984
3 0.071289 0.116211 0.142578 0.205078
3 0.069336 0.864258 0.138672 0.208984
3 0.348633 0.260742 0.162109 0.197266
3 0.740234 0.105469 0.164062 0.210938
3 0.649414 0.764648 0.158203 0.212891
3 0.775391 0.868164 0.144531 0.208984
3 0.361328 0.906250 0.144531 0.183594
3 0.324219 0.078125 0.175781 0.156250
